1 16
0 0 320 233
0 1 360 233
0 2 361 269
0 3 319 269
0 4 402 233
0 5 443 232
0 6 448 269
0 7 406 269
0 8 319 279
0 9 362 279
0 10 363 320
0 11 318 319
0 12 407 278
0 13 449 278
0 14 456 320
0 15 411 320
0.0420746 0.0171287 -0.00392036
-0.14816 0.00088722 -0.0016566
-0.141055 -0.0207777 0.315444
-0.109116 -0.0207451 0.313468
-0.109984 0.00823937 0.299934
-0.141922 0.00820678 0.301911
-0.0739764 -0.0215167 0.308917
-0.0421514 -0.021482 0.305575
-0.0435558 0.00769177 0.292502
-0.0753808 0.007657 0.295843
-0.14156 0.0156222 0.296142
-0.109587 0.0158501 0.294853
-0.110347 0.0447407 0.281114
-0.14232 0.0445128 0.282403
-0.074573 0.0150833 0.291502
-0.0426868 0.0151684 0.288807
-0.0439004 0.0441813 0.275362
-0.0757866 0.0440963 0.278056
