100 4 11 1014
0 2 2 2 3
1 2 2 2 3
2 3 2 2 3
3 3 2 2 1
4 3 2 3 3
5 3 2 1 3
6 3 2 2 4
7 3 2 2 3
8 3 2 1 4
9 3 2 2 3
10 2 2 2 3
11 3 3 1 3
12 3 2 2 3
13 2 3 3 3
14 3 3 3 3
15 3 1 2 3
16 3 2 2 3
17 2 1 2 3
18 3 2 2 3
19 3 2 1 2
20 2 2 3 3
21 3 2 3 3
22 3 2 1 3
23 2 2 2 3
24 3 2 2 4
25 3 2 2 4
26 3 2 2 3
27 3 2 0 3
28 3 2 2 3
29 1 1 3 4
30 3 2 3 3
31 3 2 3 3
32 3 2 2 3
33 3 2 1 3
34 2 2 1 3
35 1 2 3 2
36 0 2 2 3
37 3 2 3 1
38 4 1 3 1
39 3 2 3 3
40 3 2 4 3
41 4 2 4 3
42 4 2 2 3
43 4 3 2 3
44 4 2 2 3
45 3 3 2 3
46 3 2 3 3
47 3 2 3 3
48 3 2 2 3
49 4 2 2 3
50 4 2 2 3
51 3 2 3 3
52 2 2 3 2
53 2 2 1 3
54 4 2 1 3
55 1 1 2 3
56 2 1 3 3
57 2 2 3 4
58 2 1 3 3
59 2 2 3 2
60 4 2 3 4
61 3 2 3 3
62 3 2 3 4
63 2 1 4 3
64 2 2 3 3
65 3 2 3 3
66 3 2 2 3
67 3 1 3 3
68 4 2 3 3
69 4 2 3 3
70 3 2 2 3
71 4 2 3 3
72 4 1 3 4
73 1 2 3 3
74 4 3 3 3
75 3 2 3 3
76 2 2 2 3
77 2 2 2 3
78 2 2 2 3
79 2 2 2 3
80 2 2 2 4
81 3 2 2 3
82 3 2 0 4
83 3 2 3 3
84 3 0 2 3
85 3 2 3 4
86 3 2 3 3
87 2 2 3 3
88 3 2 3 3
89 3 1 2 3
90 3 2 2 3
91 3 2 4 3
92 3 2 2 3
93 3 2 3 3
94 3 2 1 4
95 3 2 2 3
96 3 2 4 3
97 3 2 3 3
98 3 2 3 3
99 3 2 2 3
0 0 0 687 117 653 116 647 97 679 98
0 0 3 651 174 620 160 633 130 665 142
0 1 6 390 269 365 243 379 204 406 229
0 1 10 481 268 436 280 429 235 475 224
0 2 0 473 263 471 234 513 234 516 263
0 2 4 452 326 428 301 442 267 467 292
0 3 1 278 192 243 191 242 156 277 158
0 3 2 323 163 311 182 294 155 308 137
0 3 7 283 205 312 195 306 209 279 219
1 0 0 663 131 631 131 624 112 655 112
1 0 3 630 185 600 173 612 144 642 156
1 1 6 371 229 348 203 362 163 387 187
1 1 10 464 230 417 240 409 193 457 182
1 2 0 482 275 479 247 518 245 524 273
1 2 4 464 336 440 312 453 281 478 303
1 3 0 269 140 301 141 297 158 263 157
1 3 1 295 211 261 212 260 178 293 177
1 3 2 337 182 327 200 310 174 322 157
2 0 0 627 159 597 162 589 141 619 140
2 0 3 597 213 569 201 579 174 607 185
2 0 4 646 196 628 210 625 184 643 172
2 1 6 366 160 345 137 358 95 381 117
2 1 10 459 161 411 171 403 120 452 111
2 2 0 476 281 472 256 508 253 513 278
2 2 4 464 339 441 319 450 289 475 308
2 3 0 300 173 331 172 331 189 298 190
2 3 1 329 241 296 243 295 211 328 209
2 3 2 366 213 357 230 343 206 352 188
3 0 0 620 172 589 173 583 152 612 151
3 0 3 590 224 563 212 572 186 601 197
3 0 4 639 208 622 222 618 196 637 183
3 1 6 371 147 350 125 362 82 385 102
3 1 10 465 147 417 158 407 107 457 96
3 2 0 470 284 468 260 504 258 508 282
3 2 4 458 341 435 320 445 292 468 311
3 3 2 366 214 357 232 343 208 353 191
4 0 0 639 160 607 157 606 139 636 142
4 0 3 600 208 575 194 588 167 613 181
4 0 4 656 204 633 213 631 183 655 176
4 1 6 397 193 362 170 378 125 414 147
4 1 10 489 186 447 200 438 150 482 137
4 2 0 472 287 478 260 515 267 511 294
4 2 1 543 304 541 332 530 309 533 282
4 2 4 444 341 430 311 446 287 462 314
4 3 0 272 157 301 161 289 182 260 177
4 3 1 280 233 251 227 252 196 282 202
4 3 2 333 207 314 225 300 198 320 181
5 0 3 624 171 603 157 620 132 641 144
5 0 4 683 181 656 180 659 149 687 150
5 0 9 622 184 652 194 646 209 617 200
5 1 6 384 240 340 218 359 169 405 191
5 1 10 469 226 436 243 430 193 464 179
5 2 4 465 344 459 312 485 292 492 325
5 3 0 243 163 270 173 250 197 223 186
5 3 1 236 245 214 233 214 205 239 216
5 3 2 299 224 271 244 258 215 285 197
6 0 3 619 154 607 141 627 118 640 130
6 0 4 682 171 650 166 656 134 688 140
6 0 9 617 168 645 179 642 200 616 188
6 1 6 423 262 373 246 389 196 440 212
6 1 7 340 218 336 188 366 157 372 185
6 2 1 567 358 542 377 545 347 571 328
6 2 4 454 316 462 285 489 273 483 303
6 3 0 244 149 262 168 233 187 216 169
6 3 1 220 228 204 210 204 187 221 204
6 3 2 283 223 251 236 237 208 270 195
6 3 3 302 171 303 196 280 181 281 156
7 0 4 661 166 630 155 643 125 675 135
7 0 9 608 158 626 169 628 193 612 180
7 0 10 658 179 687 184 673 202 645 199
7 1 6 477 272 434 271 442 220 485 224
7 1 7 388 250 362 218 392 182 419 212
7 2 1 532 361 496 366 506 330 543 327
7 2 5 458 347 436 313 462 287 486 322
7 3 0 255 126 259 151 225 160 222 135
7 3 2 262 208 230 209 222 180 255 180
7 3 3 306 166 292 192 270 171 285 145
8 0 4 661 149 636 137 656 110 681 121
8 0 5 723 163 695 159 697 126 725 130
8 0 10 656 164 689 174 679 196 647 186
8 1 6 499 287 473 302 475 254 501 244
8 1 7 427 296 382 270 407 225 452 250
8 2 5 439 332 434 294 465 276 472 315
8 3 0 237 127 225 156 194 152 207 124
8 3 2 216 209 192 196 188 170 212 181
8 3 3 276 183 248 203 229 178 257 157
8 3 4 277 130 286 152 261 140 253 119
9 0 4 661 135 648 127 671 103 684 110
9 0 5 724 157 690 149 698 117 732 126
9 0 10 655 151 684 164 679 188 652 176
9 1 7 464 326 414 312 430 260 479 274
9 1 8 375 285 364 251 399 219 412 250
9 2 2 550 381 521 401 528 370 558 352
9 2 5 433 319 447 286 478 278 465 312
9 3 0 216 131 192 155 172 141 195 117
9 3 3 241 193 210 206 192 178 224 165
9 3 4 266 139 263 166 235 151 239 124
10 0 5 707 152 673 142 686 111 720 121
10 0 10 645 144 667 155 666 182 645 170
10 1 7 470 325 424 317 437 265 484 275
10 1 8 381 291 363 258 398 224 418 256
10 2 2 546 380 513 394 521 362 556 349
10 2 5 436 303 454 274 484 266 467 296
10 3 0 223 129 196 151 179 134 205 113
10 3 3 240 194 208 202 193 174 226 165
10 3 4 273 141 266 169 239 152 247 124
11 0 4 668 144 648 130 671 104 691 115
11 0 5 736 158 704 155 707 120 739 124
11 0 10 664 159 698 170 691 191 659 180
11 1 6 511 307 488 325 486 281 511 266
11 1 7 441 325 397 301 419 256 464 279
11 1 8 376 268 383 240 411 217 407 245
11 2 5 425 326 422 287 451 267 456 305
11 3 0 238 104 228 129 194 127 205 102
11 3 2 215 185 189 174 187 145 213 155
11 3 3 276 160 249 179 231 152 259 132
12 0 0 672 112 655 99 682 96 701 109
12 0 4 664 168 632 157 645 124 678 134
12 0 5 719 159 700 170 695 136 714 128
12 1 6 484 282 440 285 444 239 489 238
12 1 7 397 267 376 234 399 202 423 232
12 2 0 467 233 504 228 522 256 485 263
12 2 5 447 319 420 293 439 259 468 285
12 3 0 279 104 287 125 253 133 245 112
12 3 2 287 185 252 186 249 153 284 152
12 3 3 325 146 317 168 299 145 309 124
13 0 0 644 118 621 105 644 96 668 109
13 0 4 646 176 611 169 620 134 656 141
13 1 6 468 259 423 256 428 212 474 215
13 1 7 387 234 376 202 396 173 409 204
13 1 10 511 210 504 238 492 207 501 180
13 2 0 454 222 486 210 511 231 480 245
13 2 1 527 291 497 307 490 270 521 255
13 2 5 456 307 423 288 436 252 469 269
13 3 0 299 105 313 120 282 131 268 114
13 3 1 255 173 242 155 251 128 265 145
13 3 2 319 180 285 185 281 152 314 147
14 0 0 635 134 606 121 625 107 654 119
14 0 3 578 171 570 152 587 127 596 147
14 0 4 643 190 607 187 612 153 648 156
14 1 6 474 245 430 239 434 197 480 202
14 1 7 400 216 394 186 411 158 418 188
14 1 10 526 203 514 228 500 194 514 169
14 2 0 436 213 465 199 491 215 462 230
14 2 1 514 272 488 290 478 252 505 236
14 2 5 449 294 414 282 422 244 458 256
14 3 0 314 99 333 114 305 123 287 108
14 3 1 278 167 260 151 270 123 289 137
14 3 2 342 170 310 176 306 143 337 137
15 0 0 634 138 602 125 620 109 651 121
15 0 3 577 177 567 156 584 132 595 153
15 0 4 644 194 608 192 611 159 648 160
15 1 6 482 248 438 241 442 200 487 207
15 2 0 424 212 449 195 479 208 455 226
15 2 1 507 263 482 283 469 247 494 228
15 3 0 317 90 337 102 311 111 291 98
15 3 1 285 157 265 143 275 113 297 126
15 3 2 348 157 318 164 313 131 343 125
16 0 0 639 123 607 112 623 98 654 107
16 0 3 581 164 571 145 588 120 599 139
16 0 4 649 179 613 178 617 143 653 145
16 1 6 460 258 417 250 424 208 468 216
16 1 10 515 218 500 243 489 209 506 184
16 2 0 449 207 477 193 505 210 479 225
16 2 1 528 267 503 285 494 247 519 231
16 3 0 309 96 327 111 300 122 280 106
16 3 1 270 168 251 151 264 121 284 138
16 3 2 335 170 303 177 298 145 333 136
17 0 3 595 138 587 123 605 97 614 110
17 0 4 660 154 624 150 630 115 666 119
17 1 7 380 248 373 216 396 190 405 221
17 2 0 469 210 499 198 527 222 499 235
17 2 1 539 284 511 300 510 260 538 247
17 3 0 284 86 301 103 270 117 253 98
17 3 1 245 160 230 142 237 114 253 131
17 3 2 311 164 277 171 270 138 305 131
18 0 3 615 130 609 117 630 91 637 103
18 0 4 681 150 644 143 653 108 690 114
18 0 9 614 145 641 158 644 182 618 167
18 1 6 485 307 442 301 452 258 495 265
18 1 7 406 276 393 245 419 216 434 247
18 2 0 455 209 489 199 515 227 481 239
18 2 1 521 293 489 307 489 267 522 255
18 3 0 269 71 283 90 250 103 236 84
18 3 2 294 150 259 158 250 126 286 118
18 3 3 321 106 318 129 299 109 303 85
19 0 4 685 143 648 133 660 99 697 108
19 0 9 620 137 644 148 647 174 625 162
19 0 10 682 158 711 159 694 180 664 181
19 1 6 488 316 447 313 458 267 499 273
19 1 7 406 290 386 258 416 227 437 258
19 2 1 526 321 490 332 498 292 534 285
19 3 0 249 79 259 102 225 116 216 92
19 3 3 305 116 297 142 273 121 283 95
20 0 4 702 138 667 127 681 96 716 106
20 0 9 640 132 662 142 661 170 641 159
20 1 6 481 325 440 320 451 272 492 278
20 1 7 395 296 372 265 405 230 430 262
20 2 1 535 360 499 367 512 332 549 326
20 2 4 434 271 455 248 485 241 465 265
20 2 5 458 350 434 311 464 285 491 323
20 3 0 222 98 231 123 198 138 190 113
20 3 2 245 182 213 188 199 159 232 153
20 3 3 282 131 273 160 246 142 256 113
21 0 4 708 137 674 125 688 95 724 107
21 0 9 646 130 667 139 666 169 647 158
21 0 10 701 153 731 162 711 183 683 176
21 1 6 493 331 454 328 464 278 503 283
21 1 7 409 306 382 273 414 239 442 270
21 2 1 525 365 487 371 502 335 541 331
21 2 4 428 269 452 246 481 241 458 265
21 2 5 447 350 425 309 456 285 480 326
21 3 0 217 92 223 118 192 132 186 106
21 3 2 237 177 206 181 192 153 224 147
21 3 3 277 126 266 155 238 136 250 108
22 0 4 706 135 672 123 688 92 723 104
22 0 9 645 127 666 138 665 167 645 154
22 0 10 700 150 730 159 710 180 682 174
22 1 6 493 331 454 328 464 280 503 285
22 1 7 410 307 384 275 415 241 443 271
22 2 5 444 335 422 298 453 272 478 311
22 3 0 225 83 231 108 198 122 193 97
22 3 2 243 169 212 173 198 143 231 138
22 3 3 284 119 272 148 246 128 258 99
23 0 4 712 132 676 122 689 89 725 100
23 0 9 644 126 669 136 667 166 644 154
23 1 6 484 337 442 328 455 281 498 291
23 1 7 402 302 386 271 416 240 436 271
23 2 1 531 334 497 348 505 313 541 300
23 2 4 416 260 435 232 465 222 447 252
23 3 0 223 74 236 96 204 114 192 93
23 3 2 256 156 223 166 208 136 241 125
23 3 3 285 103 281 130 254 113 259 85
24 0 3 674 111 657 103 680 77 698 85
24 0 4 743 133 708 124 716 90 751 99
24 0 9 668 127 701 139 694 167 663 154
24 1 6 462 350 417 330 438 286 482 304
24 1 7 388 301 382 273 415 246 422 273
24 2 1 547 333 522 357 528 325 554 302
24 2 4 421 289 429 252 463 238 457 276
24 3 0 203 75 224 90 196 115 177 98
24 3 1 192 162 173 146 168 120 187 135
24 3 2 255 147 224 164 204 136 236 118
24 3 3 268 92 272 117 244 103 242 78
25 0 3 679 113 659 104 682 77 704 85
25 0 4 749 134 716 126 723 91 756 99
25 0 9 674 129 709 142 700 168 667 155
25 1 6 461 350 417 329 438 285 482 306
25 1 7 391 298 391 272 422 247 425 272
25 2 1 543 323 521 350 526 319 548 293
25 2 4 415 292 419 253 453 238 451 277
25 3 0 202 69 225 82 201 107 179 94
25 3 1 199 157 177 144 172 116 194 129
25 3 2 261 135 231 155 211 127 241 107
25 3 3 267 83 274 105 247 91 241 68
26 0 3 689 112 661 102 683 73 710 83
26 0 4 754 128 726 123 730 88 758 94
26 0 9 685 128 721 139 708 164 674 154
26 1 6 426 340 389 312 414 273 453 299
26 1 10 500 340 472 351 475 306 503 298
26 2 4 436 308 427 265 462 245 473 288
26 2 5 513 352 468 344 488 306 532 317
26 3 0 196 77 227 81 212 110 181 105
26 3 1 216 165 187 159 178 129 207 133
26 3 2 272 127 252 153 226 130 248 102
27 0 3 691 113 657 103 671 72 706 81
27 0 8 633 109 653 119 654 147 635 137
27 0 9 687 129 720 135 703 158 672 153
27 1 6 377 299 357 267 388 236 409 267
27 1 10 458 329 417 324 429 278 470 285
27 3 0 210 95 246 89 246 117 210 124
27 3 1 261 172 227 179 213 148 249 141
27 3 2 298 121 290 150 265 131 274 101
28 0 3 692 118 656 112 663 78 699 85
28 0 8 623 118 652 128 651 154 624 144
28 0 9 688 134 714 134 695 157 671 158
28 1 6 360 271 353 240 384 215 392 245
28 1 10 434 316 391 302 408 259 451 274
28 2 3 456 245 463 219 496 202 490 230
28 2 5 571 303 548 318 556 281 579 267
28 3 0 221 105 255 92 266 119 230 133
28 3 1 287 172 252 185 238 156 274 143
28 3 2 308 119 309 146 286 131 285 102
29 0 8 598 105 629 112 628 138 598 131
29 1 10 382 289 343 268 364 230 403 252
29 2 0 573 214 546 182 572 177 598 207
29 2 3 490 227 488 198 521 179 525 207
29 2 9 482 241 505 272 501 289 479 259
29 3 0 246 121 280 103 298 128 264 147
29 3 1 324 179 292 199 276 170 310 150
29 3 2 330 123 338 149 319 137 310 108
29 3 5 256 200 230 182 230 153 259 172
30 0 2 595 75 572 69 587 40 611 44
30 0 3 659 79 631 78 628 46 656 48
30 0 8 595 89 629 94 623 120 592 115
30 1 9 402 278 371 286 375 247 406 241
30 1 10 331 273 302 246 326 213 356 239
30 2 0 613 198 576 172 589 158 623 182
30 2 3 531 229 515 197 548 173 566 205
30 2 9 523 243 557 269 546 282 513 256
30 3 0 256 140 278 110 312 125 289 156
30 3 1 348 170 329 198 309 172 331 144
30 3 5 294 213 257 208 252 176 291 181
31 0 2 606 69 577 65 587 34 617 37
31 0 3 661 69 641 70 635 38 656 39
31 0 8 605 84 638 86 628 112 597 109
31 1 9 386 287 350 288 357 248 394 249
31 1 10 311 268 292 238 317 210 338 240
31 2 0 622 191 584 169 589 150 626 170
31 2 3 547 233 523 202 555 173 581 204
31 2 9 541 247 576 270 560 279 526 259
31 3 0 254 139 271 108 308 118 290 151
31 3 1 347 158 333 190 312 168 328 135
31 3 5 300 210 261 209 254 176 295 176
32 0 2 615 70 583 65 594 33 625 38
32 0 3 667 67 649 70 643 38 660 37
32 0 8 615 84 646 87 635 111 605 110
32 1 9 389 293 352 292 358 253 397 254
32 1 10 315 272 298 242 322 214 341 243
32 2 0 614 185 573 166 577 146 615 163
32 2 9 537 249 575 268 557 277 524 260
32 3 0 255 128 270 98 308 106 294 137
32 3 1 348 147 336 176 315 153 328 122
32 3 5 304 197 265 199 258 164 299 162
33 0 2 625 75 591 69 601 36 634 40
33 0 7 573 77 590 86 597 111 580 102
33 0 8 625 89 656 90 643 113 613 113
33 1 9 406 305 368 304 374 265 413 267
33 1 10 332 283 318 253 340 226 356 256
33 2 0 595 175 554 161 554 138 594 151
33 3 0 255 105 268 77 306 83 294 111
33 3 1 345 123 336 152 316 127 326 98
33 3 5 306 173 267 177 259 140 300 136
34 0 2 652 79 617 73 626 38 663 44
34 0 7 594 79 615 89 622 117 600 103
34 1 9 437 325 398 324 403 287 443 288
34 1 10 364 305 349 274 370 249 385 278
34 2 0 561 166 517 155 518 130 561 141
34 3 0 249 66 261 42 298 47 287 71
34 3 1 337 90 329 114 309 86 318 62
34 3 5 300 133 261 138 254 99 294 95
35 0 7 604 89 626 103 631 126 611 113
35 1 9 468 337 429 340 430 300 469 298
35 1 10 390 318 374 289 395 262 412 291
35 2 0 526 165 480 155 483 131 528 140
35 2 3 461 233 430 207 450 167 484 191
35 2 9 458 249 504 260 497 273 454 263
35 3 0 243 46 256 26 291 31 280 53
35 3 5 286 115 248 118 241 80 280 76
36 1 9 502 331 464 337 466 298 505 294
36 1 10 425 321 404 293 424 262 447 290
36 2 0 488 180 442 168 450 146 495 155
36 2 9 414 261 458 274 457 286 415 275
36 3 0 245 42 260 23 293 30 278 49
36 3 1 327 73 316 94 298 66 310 45
36 3 5 285 109 249 110 245 72 282 72
37 0 0 685 75 685 89 647 85 648 72
37 0 2 655 148 620 138 632 102 667 111
37 0 3 714 136 694 147 687 112 708 102
37 1 9 507 295 468 302 469 264 509 257
37 1 10 428 288 404 260 424 227 450 255
37 2 0 483 209 441 196 452 174 493 186
37 2 3 419 267 396 241 415 206 440 230
37 2 9 418 282 458 295 457 308 419 295
37 3 0 261 78 276 59 307 67 292 87
38 0 0 646 111 643 126 607 121 611 108
38 0 2 617 181 585 172 594 139 627 147
38 0 3 674 168 653 180 646 146 667 136
38 0 8 617 194 649 194 641 208 609 209
38 1 10 419 227 395 199 415 164 442 191
38 2 0 487 234 449 222 459 202 496 213
38 2 3 430 286 408 263 426 231 450 254
38 2 9 429 300 466 312 464 324 429 312
38 3 0 291 126 305 107 335 116 323 136
39 0 2 606 191 575 182 583 150 615 158
39 0 3 661 176 641 189 633 157 654 146
39 0 8 606 203 638 202 630 216 599 217
39 1 9 497 219 455 225 457 181 499 177
39 1 10 413 209 390 181 411 145 437 173
39 2 0 488 239 450 227 459 208 496 219
39 2 3 432 291 410 268 427 237 451 258
39 2 9 431 305 468 316 466 327 432 317
39 3 0 297 137 310 117 340 126 328 146
39 3 1 366 162 357 185 344 162 355 141
39 3 5 331 200 298 198 296 165 330 168
40 0 2 580 206 550 198 558 166 588 175
40 0 3 636 191 614 203 606 172 627 161
40 0 8 581 218 613 216 607 229 576 231
40 1 9 503 182 462 188 464 144 505 140
40 1 10 421 172 397 145 418 109 444 136
40 2 0 478 231 442 220 451 204 486 214
40 2 3 425 281 405 260 421 230 442 249
40 2 4 495 287 461 292 462 255 496 252
40 2 9 424 294 457 304 458 316 426 308
40 3 0 328 146 341 127 370 136 359 156
40 3 1 393 177 383 195 373 170 384 152
40 3 5 356 207 324 205 327 174 360 178
41 0 0 592 145 585 162 553 158 560 143
41 0 2 558 213 533 204 541 174 569 183
41 0 3 620 200 594 213 587 182 611 170
41 0 8 560 225 593 225 589 238 558 238
41 1 9 512 165 475 174 475 131 514 124
41 1 10 433 161 405 136 426 98 455 124
41 2 0 471 225 437 213 451 198 482 209
41 2 3 415 270 400 248 418 222 434 242
41 2 4 485 282 451 284 453 247 487 246
41 2 9 415 284 448 296 448 310 418 298
41 3 0 338 147 352 129 381 140 367 159
41 3 1 401 182 389 199 380 174 394 157
41 3 5 361 210 329 204 333 175 366 181
42 0 0 593 142 580 156 550 149 563 136
42 0 2 548 205 526 193 536 163 558 174
42 0 3 611 200 581 208 576 176 605 168
42 0 8 549 217 581 221 581 234 550 230
42 1 9 514 164 485 178 482 137 513 124
42 1 10 443 173 407 152 424 112 461 133
42 2 0 472 225 444 208 467 197 493 212
42 2 3 412 259 406 236 425 213 433 234
42 3 0 329 140 353 127 374 145 348 158
42 3 1 390 191 366 205 359 178 384 164
42 3 5 334 208 308 195 315 166 343 179
43 0 0 608 131 584 142 561 130 585 121
43 0 2 546 183 532 169 544 143 560 155
43 0 3 611 192 576 194 576 160 611 158
43 0 8 546 198 576 207 579 222 551 212
43 1 6 403 159 405 133 427 109 427 135
43 1 9 524 178 506 198 500 162 519 144
43 1 10 467 203 426 188 439 148 481 162
43 2 0 461 212 440 192 468 185 490 203
43 2 5 510 254 493 272 487 238 504 223
43 3 0 324 117 352 107 369 127 340 137
43 3 1 382 176 355 188 348 157 376 146
43 3 5 323 186 299 171 307 142 332 157
44 0 0 618 116 593 125 570 113 595 106
44 0 2 548 167 537 150 554 125 566 139
44 0 3 614 180 579 178 582 143 618 145
44 0 8 549 181 578 192 581 209 554 199
44 1 6 402 174 401 150 424 125 426 150
44 1 10 467 215 427 202 440 161 481 175
44 2 0 464 199 444 176 474 170 495 191
44 2 5 512 244 493 261 489 226 508 211
44 3 0 324 106 355 96 369 115 339 127
44 3 1 384 166 355 178 347 147 377 135
44 3 5 323 177 300 161 307 132 331 147
45 0 0 609 98 582 104 562 93 586 88
45 0 2 536 146 526 131 544 104 556 118
45 0 3 604 162 568 158 572 122 607 125
45 1 6 398 194 397 172 420 148 423 170
45 1 9 512 212 498 227 493 194 508 178
45 1 10 464 233 424 221 436 181 476 194
45 2 0 471 179 450 154 481 148 502 171
45 2 5 520 231 499 249 496 214 517 198
45 3 0 310 87 341 76 355 94 323 107
45 3 1 373 146 343 160 332 128 363 115
45 3 5 310 160 288 145 292 115 316 129
46 0 2 582 129 571 113 593 86 607 100
46 0 3 651 150 615 143 623 106 660 113
46 0 8 580 143 611 158 609 180 580 166
46 1 6 409 232 405 209 428 183 434 206
46 1 10 478 269 437 257 449 216 490 228
46 2 0 461 193 441 164 477 156 497 184
46 2 3 394 208 401 182 423 163 417 189
46 2 5 513 241 489 260 485 226 511 206
46 3 0 281 70 313 57 326 75 294 89
46 3 1 346 128 315 142 302 109 334 96
46 3 5 283 143 263 128 265 97 286 110
47 0 2 582 112 571 96 593 69 607 83
47 0 3 652 133 615 126 623 89 660 97
47 0 8 580 127 611 142 608 164 579 150
47 1 6 396 239 393 217 415 192 420 214
47 1 10 460 272 421 262 434 224 475 235
47 2 0 480 174 459 145 493 138 514 165
47 2 3 411 191 417 165 439 145 435 170
47 2 5 531 221 508 241 504 206 529 187
47 3 0 287 65 320 53 333 70 299 84
47 3 1 354 125 321 139 308 106 342 92
47 3 5 288 141 267 125 269 94 292 106
48 0 2 538 105 528 91 550 63 561 76
48 0 3 607 123 570 118 577 81 614 86
48 0 8 538 120 568 134 567 156 539 142
48 1 9 492 215 479 229 473 197 487 183
48 1 10 446 235 409 225 419 188 457 199
48 2 0 485 140 465 116 497 110 518 133
48 2 5 534 189 513 205 509 171 531 154
48 3 0 334 69 366 57 382 74 349 89
48 3 1 401 131 370 145 358 111 391 97
48 3 5 335 145 312 130 316 98 342 112
49 0 0 565 68 539 73 519 62 545 58
49 0 2 492 114 484 99 502 73 511 86
49 0 3 557 130 521 125 526 90 561 93
49 0 8 492 129 521 141 523 162 497 150
49 1 9 480 180 466 195 460 162 474 149
49 1 10 433 199 397 189 407 153 443 163
49 2 0 492 130 473 109 503 104 522 124
49 2 5 538 178 519 192 516 158 535 145
49 3 0 370 94 401 81 419 102 387 115
49 3 1 435 156 405 170 395 136 427 123
49 3 5 370 169 345 152 352 121 378 137
50 0 0 555 76 527 80 511 70 537 67
50 0 2 484 120 477 105 493 80 502 93
50 0 3 546 136 511 131 516 97 550 101
50 0 8 484 134 511 146 513 167 489 155
50 1 9 472 164 459 178 453 144 467 132
50 1 10 426 182 389 171 400 134 437 146
50 2 0 502 142 483 121 511 116 530 137
50 2 5 544 189 525 202 523 169 543 157
50 3 0 378 110 410 99 426 120 394 133
50 3 1 442 173 411 187 402 154 434 141
50 3 5 377 185 352 168 359 138 385 154
51 0 2 473 134 466 121 481 96 489 107
51 0 3 532 147 499 144 503 111 535 114
51 0 8 474 148 499 159 503 177 479 166
51 1 9 456 137 441 151 435 116 451 103
51 1 10 407 153 370 141 381 103 419 116
51 2 0 518 162 499 141 525 137 544 157
51 2 4 507 218 476 204 490 172 522 187
51 2 5 556 207 539 219 538 188 555 176
51 3 0 385 149 416 137 433 160 402 174
51 3 1 447 212 418 226 409 196 441 182
51 3 5 383 223 358 204 366 177 392 194
52 0 3 529 151 497 148 500 116 533 118
52 0 8 473 152 498 163 501 181 478 170
52 1 9 456 132 440 146 435 110 451 98
52 1 10 406 149 369 137 380 98 418 111
52 2 0 516 161 498 141 523 137 542 156
52 2 4 506 218 475 203 489 172 521 186
52 2 5 555 206 539 219 537 187 554 176
52 3 0 392 148 420 137 436 157 407 170
52 3 5 390 221 363 203 371 175 398 193
53 0 3 530 136 497 134 499 101 533 102
53 0 8 472 138 497 148 501 167 477 156
53 1 9 459 155 444 169 438 136 454 123
53 1 10 410 173 374 161 385 125 421 137
53 2 5 555 183 538 197 535 164 553 152
53 3 0 385 113 417 101 435 122 403 135
53 3 1 449 177 419 190 411 157 442 144
53 3 5 383 188 358 171 366 140 393 156
54 0 0 543 68 515 74 497 63 524 58
54 0 2 473 117 465 102 481 75 489 89
54 0 3 536 130 501 128 504 92 539 94
54 0 8 474 132 501 142 505 161 481 151
54 1 9 474 166 460 181 454 148 469 135
54 1 10 427 185 392 175 402 140 437 150
54 2 5 540 166 522 178 518 145 537 132
54 3 0 401 98 432 88 450 109 418 120
54 3 1 463 163 432 176 425 143 457 131
54 3 5 397 173 372 156 381 125 408 141
55 0 3 502 142 469 140 473 107 504 108
55 1 10 423 147 387 137 397 101 433 112
55 2 4 489 184 459 169 473 138 504 152
55 2 5 541 175 522 186 520 154 539 145
55 3 0 420 128 451 118 468 141 436 152
55 3 1 476 195 446 205 442 174 473 163
55 3 5 413 201 389 182 400 153 425 172
56 0 8 464 154 486 166 491 184 470 172
56 0 9 518 168 544 164 534 182 509 187
56 1 10 425 146 387 136 398 97 435 107
56 2 0 503 160 489 139 517 138 532 158
56 2 4 488 216 459 198 476 168 505 185
56 2 5 542 210 521 220 521 188 542 178
56 3 0 393 142 423 133 434 155 404 164
56 3 1 446 207 414 218 408 187 441 177
56 3 5 381 212 361 192 369 166 392 185
57 0 8 484 154 506 166 510 187 490 175
57 0 9 539 172 565 170 553 188 527 191
57 1 6 370 130 363 111 386 84 394 102
57 1 10 438 161 400 152 410 111 448 121
57 2 0 498 174 485 150 515 149 528 172
57 2 4 480 229 451 210 469 180 498 200
57 2 5 536 224 514 236 515 203 538 193
57 3 0 369 135 402 125 413 148 379 159
57 3 1 425 200 392 211 385 181 418 170
57 3 2 442 154 444 177 429 160 427 136
57 3 5 361 206 342 186 349 160 369 179
58 0 3 534 158 504 153 508 121 540 125
58 0 8 479 156 502 168 507 187 485 175
58 1 10 436 163 399 153 410 114 447 125
58 2 0 494 156 480 136 508 135 524 154
58 2 4 481 213 451 196 466 165 497 182
58 2 5 535 207 515 217 513 186 535 175
58 3 0 389 126 421 117 435 141 402 151
58 3 1 443 193 412 203 408 172 440 163
58 3 5 379 198 357 177 368 150 391 170
59 0 0 542 94 520 103 499 96 520 88
59 0 3 542 153 508 156 506 122 540 119
59 1 9 481 156 464 172 461 140 478 125
59 1 10 430 176 394 162 407 126 443 140
59 2 0 495 150 474 133 499 131 519 146
59 2 5 535 198 520 209 517 176 532 166
59 2 10 485 222 514 223 499 237 470 237
59 3 0 385 120 415 110 433 133 404 144
59 3 1 443 180 417 193 411 166 440 154
60 0 0 551 92 542 104 510 103 519 92
60 0 2 518 160 491 153 498 120 525 126
60 0 3 581 145 555 157 543 123 570 113
60 0 8 522 173 556 171 555 190 522 191
60 1 9 480 190 447 193 452 157 486 155
60 1 10 412 178 391 150 413 123 434 150
60 2 3 437 194 415 176 435 147 457 164
60 2 4 505 208 472 207 477 169 508 172
60 2 9 434 209 468 222 464 240 431 228
60 3 0 378 114 390 93 421 105 411 126
60 3 1 442 146 432 167 425 142 436 122
60 3 4 346 157 340 130 357 110 364 136
60 3 5 404 181 371 176 376 144 411 149
61 0 2 555 163 523 158 528 124 561 128
61 0 3 613 145 591 157 579 124 601 113
61 0 8 558 176 592 172 586 191 554 195
61 1 9 485 214 448 214 454 178 492 179
61 1 10 413 196 396 167 419 140 437 169
61 2 3 436 215 411 195 430 164 456 182
61 2 4 506 223 474 227 476 188 508 187
61 2 9 433 231 468 240 464 258 430 248
61 3 0 347 112 356 89 388 98 381 121
61 3 4 319 158 310 132 325 111 335 136
61 3 5 382 174 348 176 349 143 384 143
62 0 2 568 159 535 155 539 122 572 124
62 0 3 619 140 603 152 589 120 607 110
62 0 8 572 171 602 167 595 186 565 192
62 1 9 463 209 426 205 434 167 473 172
62 1 10 392 182 379 152 404 126 418 156
62 2 3 458 230 430 209 449 178 478 196
62 2 4 523 234 495 240 498 201 524 198
62 2 9 454 244 490 253 481 268 447 260
62 3 0 352 134 358 109 391 116 387 141
62 3 1 416 150 413 174 403 154 407 131
62 3 4 327 182 314 155 329 133 343 159
62 3 5 389 194 357 197 358 165 392 164
63 0 2 559 167 527 165 530 133 561 134
63 0 8 563 179 590 174 583 193 556 199
63 1 9 435 177 396 168 409 128 448 139
63 2 0 527 195 494 186 491 170 522 179
63 2 3 486 246 453 226 472 195 501 213
63 2 4 542 250 520 256 520 218 542 215
63 2 9 482 260 513 268 501 281 470 274
63 3 0 362 173 363 145 397 149 396 176
63 3 4 339 218 322 193 336 171 354 197
63 3 5 401 226 370 232 368 204 402 198
64 0 2 549 164 517 162 520 131 550 131
64 0 8 553 176 579 171 573 190 546 197
64 1 9 434 177 396 168 408 127 447 139
64 1 10 366 141 359 110 384 86 394 114
64 2 3 484 235 455 216 474 185 503 203
64 2 4 541 239 519 245 521 209 543 205
64 2 9 479 249 512 257 500 270 468 262
64 3 0 368 165 370 138 404 142 403 169
64 3 4 345 211 329 188 342 164 360 188
64 3 5 407 220 375 224 375 196 409 191
65 0 2 554 143 525 139 532 107 562 111
65 0 3 611 134 588 141 579 110 601 103
65 0 8 555 157 588 157 583 178 551 179
65 1 9 455 208 421 209 427 171 462 170
65 1 10 383 193 361 165 386 135 409 164
65 2 3 464 223 446 197 471 172 490 195
65 2 4 532 245 500 241 509 204 541 209
65 2 9 459 237 493 255 485 269 454 252
65 3 0 334 137 350 113 382 125 366 151
65 3 1 408 167 394 190 382 167 398 142
65 3 5 364 204 330 200 332 169 367 174
66 0 2 547 135 525 127 537 95 561 103
66 0 3 614 135 583 139 578 104 610 100
66 0 8 547 150 582 154 581 175 548 171
66 1 9 486 216 461 228 462 191 488 182
66 1 10 423 221 391 198 411 164 444 187
66 2 3 433 198 424 175 450 150 459 173
66 2 9 428 213 456 234 455 252 429 231
66 3 0 331 104 355 86 381 103 358 123
66 3 1 403 152 381 171 370 142 394 123
66 3 5 347 177 316 165 320 135 353 146
67 0 2 537 141 520 131 534 100 552 108
67 0 3 606 146 572 148 569 112 604 109
67 0 8 537 156 571 163 572 185 542 178
67 1 10 453 223 417 205 434 169 471 188
67 2 0 479 165 456 143 482 138 505 159
67 2 3 411 188 411 167 435 145 437 166
67 2 5 519 213 505 227 503 194 518 180
67 3 0 336 93 365 79 385 100 356 115
67 3 1 401 150 374 165 365 136 394 120
67 3 5 341 166 314 150 321 121 349 136
68 0 0 613 96 584 101 566 92 594 88
68 0 2 540 145 532 133 549 105 558 116
68 0 3 607 157 570 155 573 119 610 120
68 0 8 542 160 569 169 575 192 549 182
68 1 6 406 193 403 166 428 144 434 170
68 1 10 471 235 433 221 448 183 487 198
68 2 0 470 177 452 154 481 152 501 175
68 2 5 513 232 492 245 492 208 513 197
68 2 10 451 255 486 258 471 269 438 266
68 3 0 322 93 353 82 369 104 337 116
68 3 1 382 155 351 168 344 138 375 126
68 3 5 319 165 296 147 303 119 328 137
69 0 0 605 92 588 101 559 95 577 87
69 0 2 549 152 529 141 543 109 563 118
69 0 3 619 152 584 156 580 121 615 116
69 0 8 550 166 584 171 585 192 553 187
69 1 9 509 216 485 229 486 193 510 182
69 1 10 447 224 414 202 433 168 468 190
69 2 0 479 173 449 153 472 145 499 163
69 2 3 410 204 403 181 427 156 436 178
69 2 9 407 220 435 241 435 259 410 239
69 3 0 331 97 355 79 380 97 356 115
69 3 1 401 143 379 161 367 135 391 117
69 3 5 347 167 316 156 319 125 351 137
70 0 2 566 167 539 157 550 125 578 133
70 0 3 633 161 604 168 596 133 626 126
70 0 8 567 181 603 183 600 203 566 201
70 1 9 520 218 491 227 494 189 524 182
70 1 10 452 216 422 191 444 157 475 182
70 2 3 399 226 388 202 412 177 424 198
70 2 9 397 242 428 260 426 277 397 257
70 3 0 326 102 345 83 372 97 354 117
70 3 1 394 142 376 160 367 134 386 116
70 3 5 346 169 315 161 318 131 351 139
71 0 0 618 117 606 131 572 127 584 114
71 0 2 576 187 548 177 558 143 587 153
71 0 3 645 177 615 187 606 151 636 142
71 0 8 578 200 615 201 613 219 578 218
71 1 9 539 225 508 236 511 200 543 190
71 1 10 469 226 440 200 461 167 492 193
71 2 0 446 186 414 170 433 160 463 175
71 2 3 383 228 370 207 392 178 406 198
71 2 9 382 244 415 261 416 279 384 262
71 3 0 330 91 348 74 375 89 359 106
71 3 1 394 134 379 151 371 124 388 107
71 3 5 349 159 317 150 324 119 356 129
72 0 0 591 102 583 115 549 115 558 103
72 0 2 560 173 532 167 537 133 566 137
72 0 3 624 156 597 168 585 135 612 123
72 0 8 564 185 600 183 599 200 565 203
72 1 10 426 207 403 177 427 150 451 179
72 2 3 430 219 411 199 433 171 454 188
72 2 4 501 236 469 234 474 195 506 198
72 2 9 429 236 464 248 458 269 425 255
72 3 0 345 114 358 93 388 107 376 129
72 3 1 407 150 397 169 390 145 402 124
72 3 4 312 155 307 129 324 109 331 134
72 3 5 370 181 336 176 342 145 376 152
73 0 7 524 165 549 169 560 188 536 183
73 1 9 432 212 394 198 409 163 448 178
73 1 10 371 168 369 137 395 118 398 148
73 2 3 489 234 456 217 473 183 507 199
73 2 4 542 233 525 240 525 202 542 198
73 2 9 485 249 518 254 500 271 471 265
73 3 0 354 146 351 118 384 119 389 147
73 3 4 332 198 311 175 326 147 349 173
73 3 5 396 197 366 207 365 178 395 169
74 0 1 534 145 521 138 529 108 543 113
74 0 2 598 142 564 148 558 116 592 109
74 0 7 538 161 568 163 576 183 547 180
74 0 8 600 156 620 145 610 169 592 178
74 1 8 470 202 449 217 451 184 474 170
74 1 9 410 217 375 195 394 161 430 183
74 1 10 359 161 366 135 392 118 386 145
74 2 0 537 184 510 182 491 164 519 167
74 2 2 449 210 444 192 470 169 476 187
74 2 9 507 261 536 261 514 276 487 276
74 3 0 346 153 335 124 369 119 380 146
74 3 4 335 206 307 186 318 160 347 178
74 3 5 394 192 368 207 364 181 391 165
75 0 1 565 141 536 140 541 107 569 108
75 0 2 623 127 600 137 587 106 609 97
75 0 7 570 156 603 152 602 173 570 178
75 1 8 442 224 406 222 417 186 454 188
75 1 9 369 202 351 169 378 144 397 177
75 2 2 481 233 457 212 480 182 506 202
75 2 3 548 252 518 250 525 211 554 215
75 2 8 476 248 511 264 499 281 465 266
75 3 0 351 162 322 141 343 120 372 140
75 3 3 296 189 287 159 303 141 312 171
75 3 4 357 214 323 210 327 181 364 185
76 0 1 588 136 554 137 556 105 587 102
76 0 7 592 151 623 146 619 168 588 175
76 1 8 433 238 395 232 409 195 447 202
76 1 9 361 206 348 171 375 148 390 184
76 2 2 492 248 463 224 487 193 516 214
76 2 3 556 261 529 261 535 222 561 223
76 3 0 337 160 306 142 325 118 355 135
76 3 3 283 191 273 162 287 143 300 173
76 3 4 349 209 314 210 316 181 352 181
77 0 1 606 134 573 135 574 102 608 100
77 0 7 611 149 641 143 635 166 606 173
77 1 8 433 252 394 244 409 207 449 217
77 1 9 361 217 350 182 378 159 391 195
77 2 2 495 255 464 233 487 200 519 222
77 2 3 557 267 532 270 538 229 563 229
77 3 0 328 155 295 138 314 113 346 130
77 3 3 275 189 263 161 277 141 291 170
77 3 4 342 205 307 207 308 177 344 176
78 0 1 602 127 569 128 572 95 604 93
78 0 7 607 142 638 136 630 160 602 166
78 1 8 416 249 378 240 393 203 432 213
78 1 9 345 212 336 179 364 156 376 188
78 2 2 509 253 478 230 502 198 533 219
78 2 3 570 266 546 267 554 227 576 227
78 3 0 333 166 299 149 317 123 349 139
78 3 3 279 200 266 170 280 151 294 182
78 3 4 346 215 311 218 312 189 348 187
79 0 1 599 127 566 129 567 96 600 93
79 0 7 604 142 634 136 627 160 599 166
79 1 8 421 248 382 239 397 203 436 212
79 1 9 350 212 339 177 367 155 379 190
79 2 2 505 251 474 228 497 196 529 217
79 2 3 567 262 543 265 548 225 571 224
79 3 0 333 162 301 145 318 119 350 135
79 3 3 279 195 267 167 281 147 296 177
79 3 4 346 210 311 211 314 184 350 182
80 0 1 606 123 573 126 573 94 606 90
80 0 7 610 139 640 133 634 156 605 161
80 1 8 409 254 369 244 385 207 425 219
80 1 9 337 216 328 180 357 158 367 195
80 2 2 516 259 485 235 508 203 541 225
80 2 3 577 270 554 272 560 233 582 231
80 3 0 322 172 288 156 305 129 338 144
80 3 3 271 208 256 181 268 159 285 187
80 3 4 339 220 303 224 304 195 340 192
80 3 5 366 169 363 197 352 183 355 152
81 0 1 628 119 594 122 593 91 627 87
81 0 6 573 136 597 139 607 161 583 158
81 0 7 633 134 658 128 650 152 624 159
81 1 8 395 266 355 251 373 214 414 230
81 1 9 326 219 322 183 352 163 357 199
81 2 3 588 284 570 291 575 252 593 246
81 2 7 474 248 490 273 489 299 473 274
81 3 0 309 173 273 160 287 131 322 143
81 3 3 262 215 243 190 253 166 274 192
81 3 4 331 218 297 227 293 198 329 190
82 0 1 642 135 607 135 609 102 643 101
82 0 6 584 148 609 153 618 175 594 169
82 0 7 646 151 673 145 662 168 636 174
82 1 8 438 282 396 273 412 234 454 244
82 1 9 361 245 350 210 383 182 393 221
82 3 0 287 152 255 137 274 111 305 125
82 3 3 240 188 228 163 237 141 250 166
82 3 4 306 202 271 205 268 175 305 172
82 3 5 338 154 332 181 318 164 323 135
83 0 1 625 132 594 128 602 96 634 98
83 0 2 682 124 663 131 652 99 672 94
83 0 7 628 148 662 147 655 170 623 171
83 1 8 462 274 427 277 437 237 473 236
83 1 9 386 259 361 225 389 195 416 229
83 2 0 552 221 533 230 503 204 523 196
83 2 2 470 270 450 240 479 213 501 241
83 2 8 465 284 499 308 486 318 454 296
83 3 0 284 146 261 123 288 104 312 126
83 3 4 296 199 262 193 262 164 298 170
83 3 5 343 162 328 186 314 163 331 138
84 0 1 609 133 584 127 597 95 623 100
84 0 2 677 135 646 137 641 103 672 100
84 0 7 610 151 646 154 644 177 610 175
84 2 0 525 210 494 212 474 184 503 183
84 2 2 427 240 420 211 450 189 459 216
84 3 0 287 119 274 92 307 81 320 107
84 3 4 288 173 259 158 263 130 293 145
84 3 5 347 150 322 169 310 143 336 123
85 0 1 588 136 568 128 585 97 603 103
85 0 2 657 143 621 143 620 107 656 107
85 0 7 587 154 621 160 622 185 590 179
85 1 9 470 263 432 243 453 206 491 227
85 1 10 410 212 411 186 441 166 442 191
85 2 0 503 197 468 193 455 166 488 170
85 2 2 403 213 404 188 433 169 434 192
85 2 4 515 248 498 264 501 228 518 214
85 3 0 301 106 294 78 327 71 336 98
85 3 1 362 92 370 116 356 104 348 79
85 3 4 297 158 272 140 277 114 303 131
85 3 5 359 144 330 160 319 133 349 116
86 0 2 646 155 608 153 610 116 647 117
86 0 7 575 162 607 170 611 195 579 188
86 0 8 646 170 668 166 650 190 630 194
86 1 9 497 259 460 242 479 204 516 222
86 1 10 434 211 431 185 461 164 466 191
86 2 0 476 188 441 182 432 155 467 162
86 2 2 378 198 383 176 410 157 407 178
86 2 4 488 243 468 254 471 217 492 206
86 3 0 310 91 304 66 338 61 344 86
86 3 4 303 142 281 123 287 97 309 116
86 3 5 364 134 335 147 326 118 356 106
87 0 2 622 172 583 169 587 131 626 135
87 0 7 552 178 582 186 588 212 558 203
87 1 9 523 236 488 221 506 184 542 200
87 1 10 461 192 455 166 485 146 493 170
87 2 0 448 171 412 164 407 140 441 148
87 2 4 461 225 438 236 441 199 464 191
87 2 9 395 243 431 249 417 258 382 253
87 3 0 336 83 334 58 367 56 370 81
87 3 4 327 134 307 114 314 90 336 109
87 3 5 388 127 360 140 351 112 381 100
88 0 1 539 178 525 165 542 134 556 145
88 0 2 613 188 573 187 573 148 613 148
88 0 7 540 197 575 205 579 229 546 221
88 1 9 528 225 494 205 516 170 550 191
88 1 10 474 174 475 153 505 135 506 156
88 2 0 431 163 397 160 386 136 419 140
88 2 2 338 181 340 160 366 140 364 162
88 2 4 447 213 429 227 429 193 447 180
88 3 0 351 81 340 57 370 48 382 72
88 3 4 348 132 322 118 328 91 355 106
88 3 5 403 114 380 131 370 106 395 88
89 0 1 567 174 543 166 557 132 582 139
89 0 2 641 177 606 180 601 142 636 140
89 0 7 568 193 606 197 606 222 569 218
89 1 9 502 228 472 204 497 171 530 196
89 2 0 452 175 421 176 404 151 433 151
89 2 2 360 203 354 178 382 156 389 179
89 3 0 341 95 326 70 355 58 371 81
89 3 4 342 146 314 134 318 107 348 119
89 3 5 395 121 375 141 364 116 386 97
90 0 1 567 161 543 153 557 121 582 126
90 0 2 639 162 606 165 600 129 633 126
90 0 7 569 179 606 181 606 207 570 204
90 1 8 531 230 509 237 517 201 539 197
90 1 9 472 226 441 199 467 167 499 194
90 2 0 480 182 454 184 433 158 460 157
90 2 2 390 210 382 184 410 162 420 188
90 3 0 337 110 321 85 350 72 366 96
90 3 4 341 161 310 149 314 123 345 134
90 3 5 392 134 372 154 361 132 382 110
91 0 1 586 153 557 148 568 115 597 118
91 0 2 653 152 626 156 617 120 644 117
91 0 7 588 171 625 172 622 197 586 197
91 1 8 510 244 483 245 498 207 525 208
91 1 9 449 229 422 198 452 169 479 199
91 2 0 497 191 474 197 449 171 472 166
91 2 2 411 229 397 201 427 177 442 205
91 2 3 480 262 444 254 460 216 493 226
91 2 8 406 243 438 268 429 280 399 257
91 3 0 324 123 303 100 329 82 351 104
91 3 4 335 174 303 168 304 140 338 147
91 3 5 380 138 365 161 352 141 369 115
92 0 1 587 142 557 139 566 106 597 109
92 0 2 647 137 626 143 615 109 638 107
92 0 7 589 160 625 159 619 184 586 185
92 1 8 470 233 439 230 453 191 484 196
92 1 9 403 209 381 176 411 150 434 181
92 2 0 528 193 511 200 484 175 501 168
92 2 2 451 235 433 207 462 183 481 210
92 3 0 338 151 312 130 335 107 362 127
92 3 3 291 174 286 144 296 129 302 159
92 3 4 351 199 317 197 316 170 350 172
93 0 1 564 120 535 118 541 90 570 90
93 0 2 619 115 599 119 587 91 608 88
93 0 7 566 137 600 135 595 160 564 161
93 1 8 425 223 391 217 405 180 439 187
93 1 9 356 195 338 162 367 137 387 169
93 2 2 501 231 479 204 508 178 531 206
93 2 3 562 257 535 253 548 216 575 222
93 2 8 494 244 525 266 507 276 478 257
93 3 0 345 174 315 154 338 128 367 148
93 3 3 294 199 287 168 298 153 306 185
93 3 4 358 222 322 221 321 195 358 196
94 0 1 597 111 564 110 569 78 602 78
94 0 6 546 124 566 128 575 154 555 149
94 0 7 600 127 631 125 622 151 592 154
94 1 8 419 251 382 239 399 201 437 215
94 1 9 351 211 339 178 370 156 382 188
94 2 3 569 258 546 261 556 224 578 222
94 3 0 330 156 296 142 312 112 346 126
94 3 3 285 194 269 168 277 146 295 174
94 3 4 353 201 317 208 312 181 349 174
94 3 5 379 148 376 178 361 163 365 132
95 0 1 608 119 573 120 576 86 610 86
95 0 6 550 134 574 137 583 163 558 159
95 0 7 611 136 639 133 627 159 601 163
95 1 8 432 247 396 230 414 195 453 212
95 1 9 367 200 362 170 393 150 400 180
95 2 0 540 178 540 196 506 178 508 161
95 2 3 548 251 529 258 537 221 555 215
95 3 0 341 143 305 134 315 104 350 112
95 3 3 298 188 278 164 286 141 308 165
95 3 4 366 185 333 197 327 169 361 159
96 0 1 617 134 581 136 580 102 615 100
96 0 6 554 150 583 154 589 180 561 175
96 0 7 618 152 644 147 631 174 608 178
96 1 8 446 240 411 220 434 184 469 205
96 1 9 387 188 385 159 416 140 420 169
96 2 1 433 200 436 182 466 164 464 182
96 2 3 532 252 515 261 522 225 539 218
96 2 7 424 218 440 244 438 266 423 241
96 2 8 475 266 506 274 483 283 453 276
96 3 0 347 138 311 131 319 101 353 107
96 3 3 308 184 285 162 294 139 317 162
96 3 4 372 178 342 191 335 165 368 152
97 0 1 617 144 581 146 577 112 613 109
97 0 6 552 161 583 164 589 190 560 186
97 0 7 619 161 642 156 629 182 607 187
97 1 8 457 234 421 212 444 177 479 200
97 1 9 398 180 398 152 430 135 431 162
97 2 0 509 181 511 200 477 184 476 165
97 2 1 421 203 422 183 452 165 452 183
97 2 7 413 220 430 247 427 269 411 242
97 3 0 349 133 314 128 320 98 354 103
97 3 3 313 181 289 161 297 137 321 157
97 3 4 375 171 347 185 340 159 370 145
98 0 1 617 144 581 144 581 110 617 109
98 0 6 554 159 584 163 590 189 561 185
98 0 7 621 160 645 156 632 182 608 187
98 1 8 460 239 425 218 448 183 483 204
98 1 9 401 186 399 158 431 139 435 167
98 2 1 419 198 423 179 452 162 451 179
98 2 3 519 249 502 259 508 223 525 215
98 2 7 411 216 427 243 425 264 409 237
98 3 0 347 130 312 123 319 94 354 100
98 3 3 310 176 287 155 295 132 318 153
98 3 4 373 169 343 182 337 156 368 143
99 0 1 621 135 584 136 584 102 620 101
99 0 6 557 150 586 154 592 180 564 176
99 0 7 623 152 648 148 635 175 611 179
99 1 8 451 246 415 226 437 191 473 211
99 1 9 390 194 388 165 420 147 424 175
99 2 1 431 197 434 180 465 162 463 179
99 2 3 530 252 513 261 520 225 537 217
99 3 0 339 135 304 128 313 97 347 102
99 3 3 301 180 279 158 286 136 310 159
99 3 4 366 175 336 188 328 161 361 149
0 0 0 0 0 0
-2.1784 -1.62456 1.56493 0.249944 0.0519146 0.462444
-0.0211632 0.971202 1.12554 -0.207589 -0.185383 0.154417
-0.0735754 2.10766 2.23245 0.0332602 -0.342807 0.347748
-0.0827778 2.93758 -1.17906 0.113895 -0.0573378 0.287875
-0.0077385 2.92602 -1.1654 0.106885 -0.0524667 0.298228
0.113099 2.941 -1.11249 0.0934718 -0.0400751 0.309582
-0.0671973 -2.96223 1.08037 0.0898787 -0.0343231 0.309148
-0.242684 2.94307 -1.2451 0.100297 -0.0405224 0.309218
0.652448 -2.57467 1.40762 0.119007 -0.0536662 0.31432
1.06938 -2.30823 1.36286 0.12293 -0.0572474 0.312446
1.46394 -1.87004 1.14247 0.120046 -0.0566224 0.295977
1.73273 -1.3766 1.07093 0.128465 -0.0586866 0.292313
1.87902 -0.863728 0.838528 0.138961 -0.0612438 0.296916
1.98653 -0.649475 0.643936 0.135939 -0.0611446 0.291381
1.86935 -1.18037 0.880758 0.131585 -0.0583888 0.279305
1.47473 -1.88383 0.970618 0.122249 -0.0603303 0.295841
1.22872 -2.17391 0.969281 0.106108 -0.0587038 0.294778
0.99314 -2.40205 0.968012 0.094861 -0.0500748 0.281388
0.91554 -2.47944 0.977042 0.0895468 -0.0467228 0.269793
0.854428 -2.45944 1.0463 0.0940901 -0.0540598 0.278118
1.07596 -2.22463 1.12362 0.102674 -0.0633336 0.283596
1.21863 -2.11745 1.18332 0.112394 -0.0635075 0.278336
1.28702 -2.00269 1.35276 0.114133 -0.0628917 0.269085
1.39681 -1.84507 1.38487 0.129654 -0.0649469 0.28151
1.45867 -2.40809 0.44693 0.127055 -0.0696757 0.262661
1.44243 -2.45922 0.629074 0.127363 -0.0711383 0.265941
1.32879 -1.95113 1.434 0.12964 -0.0673079 0.276966
1.06686 -2.2066 1.56129 0.13963 -0.0715633 0.288078
0.990298 -2.26407 1.61315 0.135178 -0.0687076 0.275579
0.719499 -2.49051 1.6771 0.134686 -0.0717321 0.277493
-0.118733 2.50223 -1.59934 0.126387 -0.0755764 0.281317
0.364373 2.32494 -1.50311 0.116073 -0.0741008 0.279759
0.628668 2.27246 -1.42743 0.10475 -0.084446 0.293419
0.894103 2.08916 -1.33113 0.0963226 -0.0941471 0.293168
1.21647 1.89218 -1.20664 0.0948359 -0.0999043 0.296806
1.30613 1.8218 -1.06998 0.0959577 -0.0994115 0.294391
1.41569 1.82272 -1.03243 0.0953879 -0.0961097 0.283271
1.94758 1.86134 -0.570716 0.0982858 -0.0950701 0.26498
1.53626 1.86263 -0.908029 0.10904 -0.0863018 0.276338
0 0 0 0 0 0
-1.99067 -2.7201 1.42092 0.104204 -0.0638247 0.26371
-1.92232 -2.72601 1.46299 0.090843 -0.0503472 0.273719
1.49525 1.99267 -1.06682 0.0885365 -0.0467369 0.283423
1.55385 1.32821 -0.479564 0.07174 -0.0393042 0.299023
-1.85621 -2.63411 1.45824 0.0721106 -0.0373952 0.294355
1.2111 2.1938 -1.19652 0.0716188 -0.0403268 0.294253
0.787263 2.53231 -1.33955 0.0768071 -0.0467116 0.290706
0.703633 2.51944 -1.34973 0.0795017 -0.0530089 0.284511
0.614689 2.50457 -1.35899 0.0760281 -0.0623824 0.287294
0.489079 2.48504 -1.24028 0.0922131 -0.0621467 0.263695
0.50337 2.49967 -1.20628 0.092683 -0.0697981 0.26536
0.480197 2.47335 -1.25201 0.07365 -0.0722285 0.264768
0.610277 2.50263 -1.29906 0.0564811 -0.0765851 0.287911
0.511543 2.5284 -1.38815 0.0535795 -0.0749602 0.296097
0.592972 2.49068 -1.32823 0.047487 -0.0685243 0.304055
0.496562 2.58013 -1.43247 0.0486916 -0.0651893 0.298334
0.674053 2.68801 -1.15904 0.0453392 -0.072477 0.286838
0.605371 2.55131 -1.32387 0.0457488 -0.0755861 0.285005
0.397013 2.63503 -1.57717 0.0363688 -0.0675331 0.290975
0.542232 2.54566 -1.24548 0.0457799 -0.0639099 0.315995
0.396594 2.50816 -1.35938 0.0568799 -0.0615734 0.308787
-0.281671 -2.77205 1.41121 0.054494 -0.0625199 0.294186
0.883044 2.4043 -1.38816 0.0502856 -0.0679297 0.311751
-1.82596 -2.60694 1.63991 0.050807 -0.0611655 0.285938
1.54231 1.82982 -1.10294 0.0615192 -0.0578918 0.278012
1.60644 1.76638 -1.0863 0.0664364 -0.060425 0.283615
1.60555 1.6947 -1.12669 0.064344 -0.0576172 0.298146
1.61014 1.66555 -1.12794 0.0600633 -0.0594118 0.302927
1.92824 1.36454 -0.258717 0.0578096 -0.0709023 0.292828
1.04267 2.14918 -1.31459 0.0705012 -0.0676244 0.282417
0.849916 2.29743 -1.42858 0.0679878 -0.0630411 0.273756
0.47461 2.54737 -1.51961 0.0773286 -0.0624486 0.284492
0.996953 2.24596 -1.34165 0.0752052 -0.0635788 0.288583
1.21123 2.07139 -1.22457 0.0742677 -0.0545671 0.277257
1.26166 2.12033 -1.27928 0.0758031 -0.0471332 0.269785
1.38701 1.97808 -1.30319 0.0671234 -0.0545974 0.278144
1.78855 1.36451 -1.06499 0.0677546 -0.0625973 0.306734
1.80311 1.16591 -1.02805 0.0683448 -0.0662075 0.294451
1.9577 0.615558 -0.664912 0.0710044 -0.0675697 0.292287
2.0039 0.341817 -0.511963 0.0751999 -0.0699427 0.294736
1.99962 0.370368 -0.501185 0.0831401 -0.0700158 0.290047
1.94742 0.454308 -0.569911 0.0828615 -0.0724659 0.288879
1.97058 0.380068 -0.548659 0.0799378 -0.0726119 0.289515
1.93899 0.317676 -0.51275 0.0835698 -0.0746696 0.296342
1.88513 0.206944 -0.367751 0.0921394 -0.0756688 0.300529
2.0938 0.301742 -0.405193 0.0984381 -0.0711798 0.292384
1.88524 0.686138 -0.55721 0.0982827 -0.0693725 0.285562
1.77471 0.984961 -0.701291 0.096464 -0.0665651 0.278181
1.6887 1.19538 -0.817537 0.0901619 -0.0636961 0.272664
1.68354 1.28202 -0.756721 0.0841047 -0.0572629 0.261378
1.56934 1.39168 -0.847658 0.0765674 -0.0495581 0.258497
1.69945 1.33236 -0.847444 0.068654 -0.0444653 0.258963
1.74761 1.01139 -0.72853 0.0744749 -0.0467863 0.258873
1.72821 0.995471 -0.702665 0.0759429 -0.0524573 0.265567
1.78901 0.810777 -0.640703 0.0806216 -0.0570983 0.271188
2.49372 -0.0678959 0.376777 0.0689566 -0.0688952 0.27367
1.82166 0.515764 -0.418588 0.075388 -0.0786357 0.319124
1.90117 0.459177 -0.412154 0.0823029 -0.0791979 0.292564
1.96978 0.316357 -0.34655 0.082615 -0.0756347 0.289425
1.95807 0.0557294 -0.153137 0.0787448 -0.0672759 0.284043
2.42059 0.250727 -0.680502 0.0752869 -0.0652722 0.261697
1.96796 0.105886 -0.139843 0.0791455 -0.063092 0.280849
1.88147 0.11887 -0.158424 0.0801255 -0.064983 0.279495
0 0 0 0 0 0
0 1.65163 -2.6724 0 -0.0190211 -0.0117557
-0.747327 1.02861 -1.66432 0.0180902 -0.00587785 -0.0117557
-1.06896 0.347326 -0.561985 0.0111803 0.0153884 -0.0117557
-1.06896 -0.347326 0.561985 -0.0111803 0.0153884 -0.0117557
-0.747327 -1.02861 1.66432 -0.0180902 -0.00587785 -0.0117557
1.95653 -0.635714 -0.392892 -0.0111803 -0.0153884 -0.0307768
1.95653 0.635714 0.392892 0.0111803 -0.0153884 -0.0307768
1.32131 1.81862 1.12397 0.0180902 0.00587785 -0.0307768
0 2.6724 1.65163 0 0.0190211 -0.0307768
1.32131 -1.81862 -1.12397 -0.0180902 0.00587785 -0.0307768
