11
0 0 0 0 0 0 0
1 0 1.65163 -2.6724 0 -0.0190211 -0.0117557
2 -0.747327 1.02861 -1.66432 0.0180902 -0.00587785 -0.0117557
3 -1.06896 0.347326 -0.561985 0.0111803 0.0153884 -0.0117557
4 -1.06896 -0.347326 0.561985 -0.0111803 0.0153884 -0.0117557
5 -0.747327 -1.02861 1.66432 -0.0180902 -0.00587785 -0.0117557
6 1.95653 -0.635714 -0.392892 -0.0111803 -0.0153884 -0.0307768
7 1.95653 0.635714 0.392892 0.0111803 -0.0153884 -0.0307768
9 1.32131 1.81862 1.12397 0.0180902 0.00587785 -0.0307768
10 0 2.6724 1.65163 0 0.0190211 -0.0307768
23 1.32131 -1.81862 -1.12397 -0.0180902 0.00587785 -0.0307768
