272 6 4
0 12 8 16 12
1 12 12 12 16
2 4 12 12 16
3 8 12 8 16
4 12 8 12 12
5 8 8 16 8
0.083285 -0.026332 0.336149
0.0806985 -0.0183736 0.348598
0.0769315 -0.0309493 0.355854
0.079518 -0.0389077 0.343406
0.104176 -0.046899 0.33452
0.0927346 -0.0378477 0.331031
0.0842443 -0.0445825 0.341402
0.0956856 -0.0536337 0.344891
0.0876079 -0.0218338 0.334
0.0965732 -0.0324435 0.328339
0.108412 -0.0234172 0.330171
0.0994471 -0.0128074 0.335833
0.122077 -0.0434958 0.35729
0.119118 -0.0352824 0.369488
0.122774 -0.02282 0.361983
0.125734 -0.0310334 0.349786
0.109911 -0.0237173 0.375368
0.0982985 -0.0148928 0.371864
0.106566 -0.00821585 0.361278
0.118179 -0.0170403 0.364782
0.104176 -0.046899 0.33452
0.0927346 -0.0378477 0.331031
0.0842443 -0.0445825 0.341402
0.0956856 -0.0536337 0.344891
0.118451 -0.0476058 0.358994
0.114183 -0.0504886 0.344906
0.100754 -0.0549451 0.349886
0.105021 -0.0520622 0.363975
0.0876079 -0.0218338 0.334
0.0965732 -0.0324435 0.328339
0.108412 -0.0234172 0.330171
0.0994471 -0.0128074 0.335833
0.108871 -0.0422432 0.332266
0.118432 -0.0462281 0.343116
0.12418 -0.0323734 0.343139
0.11462 -0.0283885 0.332289
0.0907015 -0.0450129 0.370477
0.0934428 -0.0534205 0.358361
0.0823087 -0.0465196 0.351053
0.0795673 -0.0381119 0.363169
0.104176 -0.046899 0.33452
0.0927346 -0.0378477 0.331031
0.0842443 -0.0445825 0.341402
0.0956856 -0.0536337 0.344891
0.118451 -0.0476058 0.358994
0.114183 -0.0504886 0.344906
0.100754 -0.0549451 0.349886
0.105021 -0.0520622 0.363975
0.102341 -0.0178006 0.276736
0.102511 -0.0185597 0.291716
0.10134 -0.0334955 0.290972
0.101171 -0.0327364 0.275992
0.123235 -0.0298613 0.260001
0.110821 -0.0226765 0.26439
0.105546 -0.0354087 0.270311
0.11796 -0.0425936 0.265922
0.105749 -0.0121514 0.276842
0.113577 -0.0160797 0.264664
0.125003 -0.0075075 0.269244
0.117175 -0.00357922 0.281421
0.114017 -0.0169339 0.304664
0.106693 -0.0121996 0.29246
0.11834 -0.00346028 0.28886
0.125665 -0.00819456 0.301064
0.146027 -0.0361803 0.277063
0.14576 -0.036663 0.292053
0.146768 -0.0217052 0.292553
0.147036 -0.0212225 0.277563
0.137702 -0.0321173 0.304995
0.125131 -0.0251415 0.309273
0.13014 -0.0123805 0.303185
0.142712 -0.0193562 0.298908
0.143162 -0.0411411 0.276703
0.135686 -0.0366071 0.264515
0.124173 -0.0454515 0.268287
0.131649 -0.0499855 0.280475
0.126969 -0.023957 0.260048
0.139124 -0.031361 0.264784
0.143952 -0.0189818 0.271744
0.131797 -0.0115778 0.267008
0.146027 -0.0361803 0.277063
0.14576 -0.036663 0.292053
0.146768 -0.0217052 0.292553
0.147036 -0.0212225 0.277563
0.119041 -0.0504179 0.292218
0.119128 -0.0501789 0.27722
0.106176 -0.0426131 0.277265
0.106089 -0.0428521 0.292263
0.143162 -0.0411411 0.276703
0.135686 -0.0366071 0.264515
0.124173 -0.0454515 0.268287
0.131649 -0.0499855 0.280475
0.13447 -0.0370638 0.304678
0.142899 -0.0412276 0.29299
0.131876 -0.0502281 0.288248
0.123448 -0.0460643 0.299936
0.110075 -0.0219118 0.304534
0.121904 -0.0298268 0.30927
0.116711 -0.0419066 0.302051
0.104883 -0.0339916 0.297315
0.0835692 -0.051205 0.347004
0.0950614 -0.059775 0.34259
0.103515 -0.0475146 0.340794
0.0920223 -0.0389445 0.345208
0.106345 -0.0403251 0.387396
0.117624 -0.049341 0.383333
0.108737 -0.0612851 0.38517
0.0974589 -0.0522692 0.389233
0.109021 -0.0360892 0.383493
0.0949993 -0.0319445 0.380145
0.0998675 -0.0258077 0.367353
0.113889 -0.0299524 0.3707
0.124658 -0.054751 0.369392
0.119736 -0.0452915 0.379941
0.118404 -0.0344821 0.369627
0.123326 -0.0439416 0.359077
0.106717 -0.0683506 0.349271
0.0926082 -0.0643745 0.346088
0.0879575 -0.0706124 0.358912
0.102066 -0.0745884 0.362095
0.0835692 -0.051205 0.347004
0.0950614 -0.059775 0.34259
0.103515 -0.0475146 0.340794
0.0920223 -0.0389445 0.345208
0.108866 -0.0639235 0.346316
0.12007 -0.0622898 0.356155
0.121138 -0.047774 0.352529
0.109934 -0.0494077 0.34269
0.102771 -0.0713331 0.379005
0.0914438 -0.0731766 0.369347
0.0830628 -0.0636605 0.377359
0.0943903 -0.061817 0.387018
0.0810906 -0.0563686 0.351003
0.0763565 -0.0467152 0.361463
0.0773896 -0.0574759 0.371862
0.0821237 -0.0671293 0.361402
0.106717 -0.0683506 0.349271
0.0926082 -0.0643745 0.346088
0.0879575 -0.0706124 0.358912
0.102066 -0.0745884 0.362095
0.122303 -0.0590981 0.372643
0.118909 -0.0661521 0.359847
0.108114 -0.0737936 0.366924
0.111508 -0.0667396 0.379719
0.141469 -0.0431085 0.325147
0.127384 -0.0380827 0.326308
0.125123 -0.0471316 0.338055
0.139208 -0.0521575 0.336894
0.119878 -0.0252884 0.332304
0.129392 -0.0328384 0.323501
0.138239 -0.0207519 0.322697
0.128725 -0.0132019 0.331499
0.151685 -0.0252458 0.367757
0.161031 -0.0333078 0.359232
0.151797 -0.0450856 0.360249
0.142452 -0.0370236 0.368773
0.153793 -0.0202614 0.364432
0.13977 -0.0150342 0.365456
0.142241 -0.00609703 0.353665
0.156264 -0.0113243 0.352642
0.164405 -0.035343 0.343183
0.162685 -0.0286132 0.356478
0.160048 -0.0155789 0.349539
0.161768 -0.0223086 0.336244
0.162459 -0.040285 0.345791
0.155802 -0.043902 0.332846
0.146203 -0.0527358 0.34025
0.152861 -0.0491187 0.353196
0.143285 -0.0381557 0.322884
0.15645 -0.0392888 0.329983
0.157903 -0.0243626 0.329671
0.144738 -0.0232295 0.322572
0.143827 -0.0531526 0.353469
0.130563 -0.0522634 0.346521
0.124934 -0.0447624 0.358228
0.138198 -0.0456515 0.365176
0.117907 -0.0312011 0.335459
0.116367 -0.0242667 0.34867
0.118735 -0.0372662 0.35577
0.120276 -0.0442006 0.342558
0.141469 -0.0431085 0.325147
0.127384 -0.0380827 0.326308
0.125123 -0.0471316 0.338055
0.139208 -0.0521575 0.336894
0.162459 -0.040285 0.345791
0.155802 -0.043902 0.332846
0.146203 -0.0527358 0.34025
0.152861 -0.0491187 0.353196
0.000369893 -0.0579686 0.269134
-0.0101274 -0.0472538 0.269165
-0.018245 -0.0552349 0.278933
-0.00774779 -0.0659497 0.278902
-0.0124002 -0.0329832 0.276033
-0.00556811 -0.0432667 0.267514
0.00758567 -0.0364344 0.269815
0.000753558 -0.0261509 0.278334
0.00453062 -0.0541981 0.267943
0.0143154 -0.0617056 0.276481
0.0220674 -0.0490601 0.278716
0.0122826 -0.0415525 0.270178
0.0135834 -0.0463772 0.312818
0.00325417 -0.0355005 0.312755
0.0115175 -0.0277099 0.302956
0.0218467 -0.0385866 0.303019
0.0205201 -0.0628454 0.291085
0.0193614 -0.0571628 0.304919
0.0239511 -0.0438223 0.299823
0.0251099 -0.0495048 0.28599
0.0161836 -0.0665759 0.292599
0.0112169 -0.0657481 0.27847
-0.00245991 -0.0698837 0.283035
0.00250681 -0.0707114 0.297164
0.00453062 -0.0541981 0.267943
0.0143154 -0.0617056 0.276481
0.0220674 -0.0490601 0.278716
0.0122826 -0.0415525 0.270178
0.0205201 -0.0628454 0.291085
0.0193614 -0.0571628 0.304919
0.0239511 -0.0438223 0.299823
0.0251099 -0.0495048 0.28599
-0.00725208 -0.0702554 0.295583
-0.0172574 -0.0629325 0.287141
-0.0212341 -0.0546759 0.299016
-0.0112288 -0.0619988 0.307458
0.0161836 -0.0665759 0.292599
0.0112169 -0.0657481 0.27847
-0.00245991 -0.0698837 0.283035
0.00250681 -0.0707114 0.297164
0.00894964 -0.0501306 0.315004
0.0153602 -0.060816 0.306653
0.00195776 -0.0672171 0.304555
-0.00445278 -0.0565316 0.312906
0.107815 -0.0825687 0.324471
0.0941592 -0.0764067 0.325205
0.0910045 -0.0848285 0.33721
0.104661 -0.0909906 0.336476
0.0876059 -0.0628553 0.330627
0.096622 -0.0714399 0.322259
0.106415 -0.060127 0.321205
0.0973991 -0.0515424 0.329573
0.121315 -0.059397 0.363175
0.10774 -0.0530441 0.363767
0.111096 -0.0447517 0.351726
0.124671 -0.0511046 0.351135
0.131018 -0.0760106 0.342645
0.129635 -0.0687013 0.355671
0.128152 -0.055752 0.348247
0.129534 -0.0630613 0.335221
0.107815 -0.0825687 0.324471
0.0941592 -0.0764067 0.325205
0.0910045 -0.0848285 0.33721
0.104661 -0.0909906 0.336476
0.128644 -0.0806881 0.345384
0.121919 -0.0842215 0.33245
0.111535 -0.0920017 0.339975
0.11826 -0.0884683 0.352909
0.110055 -0.0778579 0.322075
0.122977 -0.0797778 0.329445
0.12562 -0.0650336 0.328653
0.112697 -0.0631137 0.321282
0.131018 -0.0760106 0.342645
0.129635 -0.0687013 0.355671
0.128152 -0.055752 0.348247
0.129534 -0.0630613 0.335221
0.10893 -0.0917629 0.353155
0.0958879 -0.0900728 0.345942
0.0906948 -0.0817419 0.357283
0.103737 -0.0834319 0.364497
0.107815 -0.0825687 0.324471
0.0941592 -0.0764067 0.325205
0.0910045 -0.0848285 0.33721
0.104661 -0.0909906 0.336476
